%YAML:1.0
---
# From depth frame to robot base
Extrinsic: !!opencv-matrix
  cols: 4
  data: [0.93569046, -0.02099846, 0.35219657, 0.18, 
         0.01965239,  0.9997795, 0.00739722,  0.005, 
         -0.35227424,  0.0, 0.9358968, 0.36,  
         0.,  0.,   0.,  1. ]
  dt: d
  rows: 4
